7 0.916406 0.281944 0.0109375 0.0388889 0.428169 18.2506
7 0.95 0.200694 0.0203125 0.0680556 0.48973 9.94317
8 0.4 0.481944 0.0125 0.0333333 0.498349 20.5405
2 0.463672 0.479167 0.0242187 0.0361111 0.685936 28.8189
8 0.965234 0.114583 0.0304688 0.0513889 0.694059 9.96126
7 0.971094 0.206944 0.021875 0.0972222 0.720054 9.71182
7 0.939062 0.346528 0.0109375 0.0486111 0.730021 17.7387
7 0.989844 0.205556 0.0203125 0.0972222 0.818032 8.72835
2 0.790625 0.472917 0.125 0.0791667 0.90669 10.7003
4 0.637891 0.426389 0.322656 0.208333 0.923436 8.43809
