8 0.6125 0.342361 0.0171875 0.0319444 0.403461 12.8375
7 0.610547 0.386806 0.0117188 0.0375 0.419621 12.1986
2 0.824609 0.484722 0.0507812 0.0444444 0.501446 10.8413
4 0.3875 0.463889 0.03125 0.0638889 0.559342 18.7512
7 0.408984 0.266667 0.0148437 0.0555556 0.606467 14.8741
2 0.763281 0.485417 0.0515625 0.0430556 0.705838 11.127
2 0.445312 0.470833 0.0171875 0.025 0.772313 56.4993
2 0.479297 0.472222 0.0226563 0.0305556 0.781306 26.6633
7 0.480859 0.261806 0.0148437 0.0569444 0.814327 15.4119
2 0.563281 0.491667 0.08125 0.0972222 0.929768 11.6909
