0 0.1625 0.504861 0.015625 0.0819444 0.476764 7.6499
7 0.277344 0.40625 0.0125 0.0375 0.526604 14.7267
2 0.819531 0.485417 0.0625 0.0458333 0.578071 11.2371
4 0.3875 0.463889 0.034375 0.0722222 0.584132 18.7512
0 0.182031 0.501389 0.0140625 0.0611111 0.595532 18.301
2 0.769141 0.4875 0.0617188 0.0472222 0.637543 8.73707
7 0.610547 0.385417 0.0101562 0.0402778 0.659391 12.7474
2 0.478125 0.472222 0.0203125 0.0277778 0.739595 26.5536
2 0.445312 0.471528 0.01875 0.0236111 0.769087 56.4993
8 0.610937 0.341667 0.01875 0.0333333 0.781399 14.0457
7 0.480469 0.260417 0.015625 0.0597222 0.800994 15.4124
2 0.563281 0.492361 0.078125 0.0902778 0.927434 11.6909
