8 0.678516 0.3125 0.0289063 0.0694444 0.405641 9.14807
2 0.0804688 0.492361 0.04375 0.0347222 0.489813 8.73112
2 0.103516 0.489583 0.0414063 0.0347222 0.560979 8.70452
2 0.365625 0.477778 0.021875 0.0305556 0.592639 11.7134
2 0.170312 0.4875 0.0375 0.0333333 0.672081 10.1429
2 0.0300781 0.496528 0.0570313 0.0458333 0.708204 7.88726
8 0.142578 0.355556 0.0242187 0.0444444 0.742507 17.1051
8 0.678906 0.290278 0.028125 0.0416667 0.759938 9.21121
8 0.142578 0.304861 0.0210938 0.0402778 0.768735 18.5976
8 0.679297 0.34375 0.0289063 0.0486111 0.777053 9.06326
2 0.432031 0.483333 0.0203125 0.0305556 0.799187 19.7306
