2 0.794922 0.395139 0.0351562 0.0208333 0.401555 9.72338
2 0.584375 0.4125 0.0203125 0.0194444 0.425163 14.0359
2 0.569531 0.411806 0.0171875 0.0180556 0.434087 23.9791
2 0.494531 0.425 0.028125 0.025 0.465874 12.5807
2 0.604688 0.410417 0.0203125 0.0180556 0.471347 12.75
4 0.728516 0.386111 0.0601562 0.0416667 0.54006 15.6471
4 0.438281 0.414583 0.0375 0.0708333 0.663559 24.5023
2 0.265625 0.438194 0.0625 0.0680556 0.731459 8.23007
2 0.177344 0.44375 0.134375 0.115278 0.786719 6.40755
2 0.0644531 0.465278 0.127344 0.163889 0.870452 5.71191
