8 0.428125 0.395833 0.0109375 0.0222222 0.409954 20.5854
2 0.605469 0.3875 0.01875 0.0194444 0.418705 18.1308
7 0.7125 0.279167 0.0125 0.0472222 0.468285 13.4211
7 0.725781 0.280556 0.0125 0.05 0.504715 14.416
7 0.783594 0.320833 0.0140625 0.0361111 0.531159 18.4892
8 0.719141 0.231944 0.0148437 0.0277778 0.677578 11.7988
2 0.525781 0.391667 0.0171875 0.0277778 0.687351 25.0387
2 0.578906 0.395833 0.0421875 0.0333333 0.718662 20.9715
4 0.925391 0.396528 0.105469 0.0791667 0.722308 13.6261
2 0.773828 0.395139 0.0726563 0.0513889 0.760652 13.6074
2 0.459375 0.402083 0.0265625 0.0375 0.797248 25.615
7 0.610156 0.0763889 0.0203125 0.0722222 0.842708 11.8618
4 0.675 0.359722 0.117188 0.158333 0.848576 13.2735
7 0.517969 0.0729167 0.021875 0.0763889 0.856867 12.3616
2 0.504687 0.40625 0.040625 0.0597222 0.895272 15.6827
