7 0.916797 0.281944 0.0101562 0.0416667 0.455927 17.9301
7 0.95 0.2 0.0203125 0.0666667 0.508581 8.07909
8 0.400391 0.482639 0.0148437 0.0375 0.565736 19.927
8 0.965625 0.114583 0.0296875 0.0513889 0.699346 8.28433
7 0.970703 0.20625 0.0210938 0.0958333 0.723068 7.86425
2 0.464453 0.479861 0.0273438 0.0375 0.732559 28.3456
2 0.899609 0.469444 0.0570313 0.0472222 0.733113 15.2744
7 0.939062 0.347222 0.0109375 0.05 0.740397 16.2336
2 0.421875 0.484028 0.0234375 0.0291667 0.771239 19.4786
7 0.989844 0.20625 0.0203125 0.0986111 0.820912 8.84398
2 0.578906 0.480556 0.1125 0.0972222 0.882882 14.9923
2 0.792188 0.472222 0.121875 0.0805556 0.92372 10.1045
2 0.167187 0.590972 0.33125 0.309722 0.953239 5.30719
