2 0.282031 0.464583 0.028125 0.0291667 0.412659 14.327
8 0.535937 0.407639 0.015625 0.0375 0.418531 21.554
2 0.394141 0.458333 0.0335938 0.0277778 0.447273 13.8248
4 0.49375 0.461111 0.0375 0.0722222 0.47252 17.9912
2 0.344531 0.45625 0.028125 0.0263889 0.486248 17.4637
2 0.493359 0.461111 0.0382813 0.0722222 0.527881 18.0137
2 0.217969 0.473611 0.0375 0.0333333 0.531897 13.062
2 0.421484 0.459028 0.0164062 0.0208333 0.555268 13.7819
2 0.178906 0.475694 0.046875 0.0402778 0.600044 10.7814
2 0.448828 0.463194 0.0148437 0.0180556 0.638891 19.3415
8 0.574609 0.365278 0.0273438 0.0472222 0.650098 14.266
2 0.141797 0.480556 0.0617188 0.0444444 0.733588 12.7325
2 0.0804688 0.482639 0.059375 0.0513889 0.747846 12.0587
2 0.0269531 0.491667 0.0539063 0.0583333 0.783876 12.047
