2 0.853516 0.488889 0.0445312 0.0416667 0.504869 11.0611
1 0.203516 0.499306 0.0304688 0.0930556 0.512827 13.0012
2 0.744531 0.485417 0.0453125 0.0402778 0.59721 18.1816
5 0.205078 0.51875 0.0320312 0.0625 0.618126 14.5011
8 0.323047 0.426389 0.0179687 0.0333333 0.716236 19.1243
2 0.492578 0.484722 0.0242187 0.0333333 0.777074 19.6696
2 0.388672 0.490972 0.0273438 0.0347222 0.807686 8.43538
2 0.441406 0.482639 0.015625 0.0236111 0.817159 24.3379
2 0.949219 0.490972 0.101562 0.0819444 0.891501 8.12879
2 0.564062 0.500694 0.075 0.0875 0.926704 15.3183
